4.205299999999999727e+01 -9.336000000000000298e+00 1.786700000000000088e+01
4.270400000000000063e+01 -1.025300000000000011e+01 1.885099999999999909e+01
4.414000000000000057e+01 -1.051200000000000045e+01 1.844699999999999918e+01
4.453499999999999659e+01 -1.016099999999999959e+01 1.733699999999999974e+01
4.492699999999999960e+01 -1.109999999999999964e+01 1.933800000000000097e+01
4.632500000000000284e+01 -1.138299999999999912e+01 1.903999999999999915e+01
4.641400000000000148e+01 -1.247899999999999920e+01 1.798799999999999955e+01
4.562100000000000222e+01 -1.341399999999999970e+01 1.799299999999999855e+01
4.706400000000000006e+01 -1.179400000000000048e+01 2.030499999999999972e+01
4.736299999999999955e+01 -1.234699999999999953e+01 1.707100000000000151e+01
